5;;;;;;;;;;;;;;;;;;;;;;;;
20;;;;;;;;;;;;;;;;;;;;;;;;
20;;;;;;;;;;;;;;;;;;;;;;;;
7;11;7;5;6;;;;;;;;;;;;;;;;;;;;
2;0;0;0;1;2;0;1;1;1;1;0;1;1;1;0;1;0;1;1;0;1;0;1;1
1;1;1;1;0;1;0;1;1;1;0;0;1;0;1;1;1;1;1;1;1;1;1;1;1
1;1;1;1;2;1;1;1;1;1;1;1;1;1;1;1;1;1;1;1;2;1;1;1;1
0;1;0;1;1;1;0;1;1;1;1;0;0;1;1;0;1;0;1;1;0;1;0;1;1
1;0;1;0;1;1;1;0;1;1;0;1;1;1;1;1;2;1;0;1;1;2;1;0;1
1;1;1;1;1;0;1;1;1;1;2;1;0;1;0;1;1;0;1;2;1;1;0;1;2
1;1;0;1;1;1;1;1;1;1;0;1;1;1;1;1;1;1;1;1;1;1;1;1;1
1;1;1;1;0;0;0;1;1;1;0;1;1;1;1;1;1;1;1;0;1;1;1;1;0
1;1;1;1;0;0;0;1;0;1;1;1;1;1;1;1;1;1;1;1;1;1;1;1;1
0;1;1;0;1;0;0;1;0;1;0;0;0;0;0;1;1;1;0;1;1;1;1;0;1
0;1;2;1;0;0;1;0;0;0;2;1;1;0;1;0;1;0;1;1;0;1;0;1;1
1;1;0;1;1;1;2;0;1;1;1;1;0;0;1;1;2;1;1;1;1;2;1;1;1
1;1;1;1;0;1;1;0;1;0;1;1;0;1;0;1;1;1;0;0;1;1;1;0;0
1;1;0;0;1;1;1;1;1;1;0;0;1;1;1;1;0;1;1;1;1;0;1;1;1
1;1;0;1;1;1;1;0;1;1;1;1;0;1;1;1;0;0;1;1;1;0;0;1;1
1;0;0;1;1;0;1;1;1;0;1;0;1;0;1;1;1;1;1;1;1;1;1;1;1
1;0;1;1;0;1;1;1;1;0;1;1;1;1;1;0;0;1;0;1;0;0;1;0;1
1;2;0;1;1;1;0;0;1;1;1;1;1;1;2;1;0;0;1;2;1;0;0;1;2
0;1;1;0;0;1;0;1;1;0;1;1;1;1;1;1;1;1;1;1;1;1;1;1;1
1;1;2;1;0;0;2;1;1;0;1;1;1;1;1;0;1;1;1;1;0;1;1;1;1
